array([  0.02,   1.51,  17.29,   1.49,   2.5 ,   5.38,   0.12,   0.03,
         1.03,  18.  ,   2.44,   1.11,   5.32,   0.31,   1.68,  16.66,
         1.54,   1.86,  24.29,   3.47,   1.  ,  14.71,   0.03,   2.27,
         0.61,   2.82,   3.62,   2.67,   5.87,   9.84,  11.36,   0.11,
        39.7 ,   2.7 ,  21.12,   6.05,   2.57,   0.09,  13.48,   0.56,
         1.96,   4.68,  32.54,  11.9 ,   0.  ,   0.24,   6.82,   0.  ,
         3.35,  15.8 ,   1.78,   0.07,   2.35,   2.28,  18.14,   0.04,
         3.54,  14.06,   3.48,   0.17,   0.57,   0.92,   0.7 ,   1.01,
         0.33,   9.48,   1.98,   1.3 ,   7.62,   7.32,   1.62,   1.61,
         0.06,   0.58,   6.42,   1.81,   0.03,   8.83,   0.81,  34.72,
         0.51,  15.03,   0.94,   0.73,   0.89,   4.12,   0.92,   1.91,
         0.39,   0.2 ,   0.7 ,   0.16,   0.1 ,   3.2 ,  25.71,  12.62,
        84.07,  30.38,   5.81,   7.08,   3.31,   2.21])