array([    0.  ,     6.18,    11.  ,     0.36,     0.45,     1.62,
           0.28,     0.02,     0.59,    22.96,     2.24,     0.06,
           0.98,     0.02,     0.64,     6.52,     1.72,     0.04,
           7.4 ,     3.76,     0.76,    15.28,     0.38,     1.95,
           3.7 ,     9.  ,     4.28,     6.69,     5.83,    10.83,
          17.79,     0.57,   121.92,     2.3 ,    15.77,     4.94,
           0.02,     0.6 ,    13.59,     0.03,    11.32,     1.51,
          16.45,     6.85,     0.07,     0.21,     6.32,     0.12,
           3.41,    12.18,     7.96,     2.12,     2.95,     9.69,
          17.15,     0.4 ,     2.43,     4.46,     1.58,     1.59,
           2.45,     0.66,     2.56,     3.33,     0.43,    13.59,
           6.76,     1.15,     2.87,     3.3 ,     4.7 ,     0.01,
           1.3 ,     0.02,     0.86,  8597.78,     0.07,     1.7 ,
           0.  ,    33.7 ,     0.71,    10.75,     0.03,     0.63,
           1.55,    13.66,     0.89,     2.61,     0.27,     0.05,
           1.12,     0.08,     0.  ,     3.76,    63.48,    10.78,
         475.58,   111.95,    12.11,     5.93,     1.53,     1.99])