array([   0.03,    0.09,   13.16,    0.08,    0.  ,    1.49,    0.52,
          0.31,    2.2 ,   11.76,    0.39,    0.  ,    0.71,    0.01,
          6.73,   62.99,    2.71,    0.08,   13.18,    3.96,    2.2 ,
         13.17,    0.18,    0.63,    3.91,    4.46,    2.2 ,    1.9 ,
          2.26,    6.1 ,    7.01,    0.24,  111.68,    0.44,   31.79,
          4.04,    0.06,    0.01,   11.08,    0.06,    6.94,    5.05,
         16.06,   12.71,    0.04,    0.  ,    4.9 ,    0.21,   10.28,
         10.61,    5.29,    0.04,    1.43,    6.06,    3.39,    0.11,
          7.18,   20.04,    1.45,    0.09,    4.82,    2.39,    2.19,
          0.05,    0.81,    0.63,    4.83,    4.14,    4.  ,    0.75,
          0.91,    0.65,    0.42,    1.17,    0.63,   12.26,    0.41,
          3.02,    0.89,   51.75,    0.16,   18.5 ,    0.36,    1.43,
          3.31,    8.56,    1.62,    2.8 ,    0.73,    1.59,    0.75,
          2.85,    0.55,    4.29,   48.63,    3.88,  476.98,   59.54,
         12.18,   22.68,    2.86,    0.45])