array([    0.04,     0.69,    17.13,     0.01,     0.62,     0.01,
           1.88,     0.17,     0.54,    16.12,     2.4 ,     0.23,
           0.04,     0.  ,     1.62,    83.27,     1.58,     0.23,
          17.81,     1.3 ,     2.77,    12.79,     0.07,     0.45,
           1.59,     7.27,     1.3 ,     2.45,     5.99,     7.88,
           9.02,     0.49,  3396.2 ,     0.01,    28.32,    12.75,
           0.45,     0.  ,    15.67,     0.  ,     4.2 ,     3.72,
          30.43,     5.71,     0.01,     0.18,     7.47,     0.09,
           1.28,    12.06,     2.49,     0.13,     6.22,     2.76,
           2.29,     0.02,     4.91,    16.74,     1.94,     0.27,
           0.25,   363.92,     2.42,     0.63,     0.58,     4.43,
           4.28,     3.15,     1.17,     0.97,     0.73,     1.43,
           0.53,     0.49,     0.81,    16.5 ,     0.07,    14.49,
           1.84,    38.94,     0.17,    16.95,     0.45,     1.42,
           1.97,     6.45,     1.08,     3.42,     0.36,     0.46,
           1.1 ,     3.07,     0.12,     2.18,    46.74,     1.48,
         652.32,    66.97,     9.32,    46.2 ,     3.05,     0.66])