array([[  17.04578252,   19.15194504,    5.68465061,    0.19151945,
           0.47807845,    4.56054001,   21.49653863,    3.23572024,
           5.40494736,  287.356192  ,   14.40028283,   76.27278363,
           8.67066488],
       [  55.35526271,   62.2108771 ,   17.43112727,    0.62210877,
           0.68734486,    6.80778568,   63.30676167,    7.97086794,
          15.30850173,  512.98499602,   18.44782245,  247.03589642,
          24.27522186],
       [  38.95090441,   43.7727739 ,   12.40121272,    0.43772774,
           0.59773568,    5.84550107,   45.40336346,    5.94324817,
          11.067738  ,  416.36933524,   16.71464075,  173.91406674,
          17.59325326],
       [  69.87957895,   78.53585837,   21.88458216,    0.78535858,
           0.76668427,    7.65978645,   79.15831848,    9.76610981,
          19.06324743,  598.52789787,   19.98237069,  311.77750713,
          30.19139507],
       [  69.40067405,   77.99758081,   21.73774005,    0.77997581,
           0.76406824,    7.63169374,   78.63565097,    9.70691596,
          18.93944359,  595.70732345,   19.9317726 ,  309.64280598,
          29.99632329]])